555.52
963.01
845.85
660.39
826.16
185.47
279.21
188.47
632.74
401.11
409.98
334.55
145.91
60.62
566.13
610.35
643.97
483.44
598.49
722.47
794.43
96.39
877.10
655.33
149.11
482.73
118.76
992.38
955.38
95.70
948.78
578.42
983.97
468.78
355.43
761.43
208.69
328.23
141.41
310.22
787.74
499.77
962.53
872.16
361.58
53.98
474.20
334.98
717.85
620.82
969.03
379.74
444.61
468.59
755.68
608.67
361.60
95.34
727.92
789.08
124.09
229.14
568.59
978.14
793.45
45.32
586.65
470.90
211.62
496.53
148.91
29.37
487.74
205.75
501.41
644.37
813.78
771.40
562.90
254.98
617.89
184.65
769.62
178.65
589.36
811.77
1007.53
656.55
554.80
763.92
983.42
579.83
511.03
553.24
961.89
931.89
250.72
