455.99
1011.32
514.83
197.98
110.76
58.08
117.20
292.14
1030.68
657.83
1022.59
918.77
993.30
901.89
166.49
121.23
163.74
56.35
858.13
472.44
388.52
123.76
864.38
582.24
206.09
69.99
536.14
365.60
838.15
454.71
451.48
270.70
735.58
308.70
193.46
974.70
321.45
856.45
181.51
434.87
635.30
542.84
856.56
905.48
417.33
407.61
847.22
491.91
397.44
269.14
208.75
453.13
635.91
883.04
899.72
332.74
360.28
195.69
758.23
731.54
31.37
957.42
705.26
659.60
951.62
362.66
563.80
244.48
298.52
45.75
259.90
972.69
499.05
682.31
542.62
257.40
745.94
184.07
954.50
773.78
943.25
174.98
68.40
1014.55
803.89
799.96
185.65
496.20
771.56
700.89
13.76
644.02
644.13
754.80
779.49
866.80
462.99
