31.76
795.63
777.88
409.32
1022.36
706.64
938.82
1004.22
241.70
688.31
134.00
524.82
383.43
126.21
557.22
606.56
63.04
536.67
157.14
578.14
569.04
534.47
353.67
840.44
403.42
346.94
932.62
453.62
104.45
294.71
690.37
593.26
565.63
74.23
843.58
813.74
674.78
697.09
671.57
669.26
257.81
278.95
254.95
623.21
323.29
821.79
586.80
390.23
1015.27
282.36
684.62
665.11
659.23
302.36
562.61
563.46
836.31
896.17
492.66
387.94
987.14
50.73
550.31
149.75
868.03
810.86
88.89
389.71
615.35
910.59
599.17
122.70
658.65
555.73
202.78
63.48
157.25
661.50
815.58
209.84
400.76
625.30
443.13
876.78
217.59
917.30
507.05
872.42
904.53
791.64
972.17
730.17
1031.02
222.15
571.49
122.35
514.59
298.69
644.75
346.02
390.08
251.29
993.65
938.69
874.89
78.62
160.08
527.89
834.03
763.00
652.10
170.67
92.14
176.12
465.53
872.55
94.41
846.85
724.84
383.80
343.76
916.34
377.87
717.21
916.94
910.92
141.71
189.93
698.75
929.77
520.25
70.06
867.84
122.61
862.87
485.88
574.50
818.47
789.96
143.34
922.16
119.53
344.76
617.52
405.61
73.41
260.93
787.29
584.73
340.24
355.57
732.55
683.80
573.85
999.98
382.13
142.28
1019.71
161.23
663.98
697.22
494.86
157.29
334.94
538.41
10.25
253.71
379.11
802.96
890.01
409.29
541.86
313.42
464.49
1012.70
379.40
744.16
95.49
645.50
13.14
739.44
848.49
256.78
876.98
241.08
535.32
820.16
969.19
481.15
794.60
921.73
513.03
343.72
189.83
200.75
898.93
736.10
