313.26
338.45
198.33
83.61
27.26
144.84
941.18
426.75
220.46
33.96
277.09
353.58
968.96
632.73
840.69
911.98
308.67
819.29
282.23
305.00
778.02
15.61
674.68
472.75
839.50
697.73
318.44
190.09
582.35
440.44
737.89
818.66
414.83
460.56
55.41
677.58
959.81
18.35
1021.55
64.66
262.10
787.63
994.54
627.24
523.80
1009.81
293.87
499.55
931.92
499.15
32.05
138.74
204.84
71.36
374.86
950.58
361.94
811.88
85.10
969.60
183.52
109.89
487.08
377.50
342.41
615.25
269.97
613.49
549.04
187.16
225.06
336.84
475.43
856.46
101.28
892.88
717.54
581.93
103.10
111.02
1015.93
910.07
131.68
306.50
687.01
949.10
558.16
858.24
792.75
122.22
173.43
187.75
111.43
387.63
288.88
137.67
705.38
