129.67
782.15
300.92
891.54
908.81
623.71
996.30
850.12
505.52
355.65
75.90
229.22
663.93
132.54
33.29
685.56
726.56
287.55
795.70
520.31
337.00
35.75
190.01
342.65
613.74
315.81
426.83
244.11
131.88
422.75
879.06
611.20
1025.99
266.92
835.19
163.01
929.80
717.95
260.06
629.85
959.51
661.49
920.76
506.70
583.67
555.22
780.53
637.68
911.03
203.74
231.51
461.32
857.38
465.44
668.23
505.82
151.48
912.55
1006.36
302.14
404.21
878.09
743.94
379.55
733.77
262.43
666.70
791.00
769.81
44.81
417.91
478.67
341.74
794.17
374.56
850.16
418.93
427.64
681.34
265.78
501.91
128.64
872.87
848.73
330.70
405.89
683.63
985.82
167.82
888.10
737.40
995.67
855.25
500.42
79.45
583.71
628.96
484.83
144.22
378.44
721.29
474.94
268.88
804.11
149.70
823.98
683.33
1020.21
816.17
61.78
878.50
291.33
754.43
651.40
246.18
895.88
603.78
982.66
879.00
530.43
117.81
758.69
238.85
906.57
147.33
705.39
650.61
807.26
167.63
824.93
913.83
649.58
721.13
672.54
184.90
393.51
442.87
86.42
775.37
952.52
865.20
693.24
376.26
435.28
209.35
999.78
777.43
591.54
267.74
1025.46
845.16
464.13
1007.72
116.37
497.32
958.80
279.53
743.77
995.65
505.38
549.81
117.33
771.85
650.50
33.29
701.06
754.80
244.30
836.50
237.01
822.80
732.29
532.38
198.08
721.49
268.96
917.66
981.97
847.13
108.94
351.20
778.19
56.22
648.26
307.53
123.98
208.68
162.32
21.34
49.70
997.86
949.96
515.62
42.15
891.43
788.47
199.02
