929.58
435.97
659.40
649.11
191.54
211.18
1027.91
713.06
334.39
727.06
836.08
137.98
1009.78
68.86
447.35
714.24
853.87
497.29
910.74
235.49
887.76
609.86
952.67
565.83
658.21
496.67
883.20
498.25
503.80
377.78
1007.80
611.20
819.95
170.46
830.10
224.46
718.34
771.90
798.75
26.57
10.77
612.05
701.64
377.42
475.17
878.03
649.04
75.34
471.41
550.03
885.36
112.68
752.14
644.68
695.75
192.47
928.22
864.76
717.55
320.84
621.39
698.04
39.93
462.79
362.85
545.18
39.15
525.34
231.19
1015.24
874.06
310.52
796.08
476.55
89.30
803.50
933.19
93.60
583.95
247.34
232.08
584.26
251.81
392.70
309.74
601.70
713.12
693.38
861.54
695.19
786.23
646.10
331.10
237.53
626.91
393.15
365.39
635.34
947.75
151.34
503.22
728.46
317.49
321.34
104.02
827.11
728.22
461.36
22.93
767.89
861.59
684.62
111.51
63.90
251.75
1013.96
204.74
850.84
720.15
976.04
24.71
888.55
842.46
758.40
527.81
140.55
792.41
186.43
398.92
171.59
823.56
979.51
470.99
299.17
23.86
433.24
791.92
235.58
230.76
433.98
103.24
847.68
100.62
894.12
473.31
418.91
447.87
129.52
301.81
24.45
206.55
225.11
786.38
1030.47
545.40
810.35
837.20
13.15
850.35
997.67
361.11
630.87
660.64
262.01
984.90
444.86
124.83
689.34
341.51
849.39
178.34
932.42
171.98
558.13
874.88
207.05
396.84
276.52
899.69
337.03
941.71
1004.45
231.67
792.29
957.35
261.40
522.19
921.37
359.97
938.76
78.46
241.74
358.81
498.06
446.31
268.88
1012.04
