921.05
39.07
258.09
397.08
1017.77
367.04
210.46
279.79
93.45
610.77
914.29
965.61
905.28
124.80
506.42
119.21
587.42
921.89
277.28
243.94
957.10
877.05
125.27
615.40
790.60
509.46
196.11
396.25
719.16
206.19
21.48
83.98
696.46
141.42
135.09
425.22
18.02
808.23
95.42
457.41
181.32
156.29
249.81
772.39
379.74
265.09
538.66
577.99
301.68
229.25
159.38
499.58
81.19
940.65
117.12
521.84
1024.55
584.72
552.71
306.72
569.76
50.96
594.38
957.66
465.84
659.30
223.79
198.85
636.93
78.23
327.45
420.83
376.71
342.88
799.81
606.70
416.34
280.48
489.56
744.22
18.59
966.45
161.91
990.80
731.20
435.27
946.51
1010.59
603.71
46.34
88.28
48.54
482.77
937.48
542.30
568.52
387.98
453.07
1003.53
268.77
139.22
903.83
454.16
499.40
628.77
857.88
384.59
492.69
222.24
605.71
933.43
788.65
816.24
604.75
196.21
483.09
14.87
387.34
595.33
284.15
106.38
569.56
283.60
721.53
243.17
684.64
323.86
545.20
245.94
293.29
80.25
61.70
609.08
619.86
945.39
985.33
146.20
916.77
481.07
298.59
586.05
507.97
100.28
328.58
904.00
644.29
127.55
137.62
704.17
471.22
457.02
987.15
772.55
765.81
396.12
412.79
974.91
904.31
52.27
455.83
271.91
468.74
596.07
505.56
458.65
368.05
467.86
371.38
632.06
512.49
397.07
324.54
939.89
517.99
271.52
882.48
639.52
85.35
928.05
611.54
260.98
483.44
185.06
770.32
105.57
491.39
509.95
503.60
317.25
876.84
279.77
954.89
264.26
1028.72
670.66
603.92
1014.66
