1006.46
746.60
649.15
848.02
557.40
995.59
173.65
959.80
507.65
106.72
137.00
666.94
386.97
417.25
435.53
213.80
526.36
467.76
783.03
395.36
599.96
858.93
190.51
177.25
27.88
530.13
580.16
224.51
808.61
317.90
131.24
856.64
431.53
286.02
407.24
163.72
534.05
433.84
870.85
538.46
662.45
840.20
979.28
819.55
522.43
920.63
169.38
73.80
742.66
117.07
73.56
89.35
923.23
195.75
790.58
812.44
654.97
466.04
414.16
197.50
760.30
771.32
346.25
221.70
150.35
703.05
841.48
662.18
675.50
393.60
401.75
373.56
347.19
577.95
541.31
771.69
42.84
408.67
380.25
144.37
559.41
881.82
172.45
493.67
10.64
869.40
912.24
924.75
481.70
132.07
449.10
359.88
610.58
433.60
614.97
971.23
808.76
70.83
531.27
451.65
808.70
913.56
947.09
107.72
75.88
774.14
779.94
815.99
49.08
639.51
815.65
546.39
903.95
76.30
495.39
241.19
643.95
558.36
342.56
1019.68
56.98
64.28
25.75
841.96
205.72
359.76
601.98
288.53
927.32
419.48
459.25
217.24
197.37
179.82
402.85
64.76
578.55
959.01
374.19
206.51
556.69
996.85
220.51
707.61
708.49
184.51
894.36
987.31
128.56
764.44
686.72
861.11
535.76
453.42
958.95
114.44
852.68
687.21
800.68
800.03
649.63
395.21
447.15
261.52
856.05
868.09
717.04
294.54
1003.64
434.06
129.33
35.14
886.58
985.20
1000.97
244.30
489.28
858.68
679.43
93.38
243.83
994.18
634.15
450.75
401.06
408.00
606.50
996.82
495.60
719.01
656.31
73.22
500.54
754.52
754.22
598.01
946.47
