394.42
402.34
966.23
449.83
182.59
844.09
337.13
151.00
894.78
153.45
325.22
473.21
192.16
861.61
303.94
583.48
436.84
560.77
352.37
548.46
660.27
922.24
774.14
867.95
245.20
666.55
777.50
601.55
707.76
651.25
997.24
565.10
488.00
391.81
752.24
1015.79
719.82
544.18
808.49
767.15
782.12
758.45
753.19
297.56
474.22
677.85
1008.01
410.32
138.09
810.25
826.42
111.42
1022.84
675.33
989.33
244.05
30.67
1004.14
605.57
168.31
942.04
491.24
150.92
552.53
938.00
612.24
767.49
605.21
33.51
31.50
486.92
879.34
10.04
863.55
299.20
644.39
514.19
618.07
488.29
277.75
633.29
606.83
732.87
18.17
450.27
632.95
534.70
240.17
255.21
508.66
206.47
858.06
526.08
877.39
315.58
568.97
677.15
