804.20
353.78
287.89
576.64
280.35
773.73
516.47
425.19
447.68
644.79
143.59
239.22
546.33
651.04
230.26
843.67
270.11
548.05
433.02
501.19
313.41
934.99
1003.98
443.01
225.74
772.32
913.40
780.73
418.03
649.21
792.36
89.68
1009.43
915.14
156.94
392.33
220.44
199.68
303.84
664.05
330.79
229.12
373.07
900.59
989.75
371.57
647.12
887.47
752.99
13.16
729.07
103.31
658.01
233.50
464.55
723.54
632.09
980.46
729.39
559.48
160.09
563.16
78.22
992.94
571.08
614.64
48.60
35.13
145.05
434.10
400.64
638.49
671.16
931.33
22.36
307.83
776.61
420.62
102.15
158.25
622.72
42.43
880.94
762.08
681.19
227.13
722.45
590.45
685.21
664.16
30.41
579.77
729.45
293.19
981.34
574.56
938.11
