0 572 929
1 250 330
2 195 695
3 867 786
4 606 25
5 191 674
6 162 574
7 63 98
8 302 775
9 723 881
10 726 787
11 625 353
12 803 427
13 954 252
14 774 368
15 695 312
16 619 31
17 101 518
18 413 527
19 439 722
20 404 756
21 991 308
22 993 240
23 361 838
24 320 562
25 287 178
26 163 355
27 324 434
28 414 604
29 949 109
30 501 685
31 888 333
32 711 945
33 685 637
34 556 813
35 872 739
36 969 442
37 387 24
38 357 572
39 238 911
40 268 889
41 825 130
42 701 440
43 705 961
44 900 770
45 78 898
46 806 311
47 698 811
48 223 228
49 475 606
50 119 357
51 525 601
52 453 76
53 41 307
54 368 978
55 912 71
56 552 975
57 709 105
58 162 37
59 261 712
60 677 107
61 790 188
62 711 869
63 273 716
64 876 945
65 466 771
66 475 780
67 815 13
68 961 971
69 306 356
70 818 5
71 147 933
72 770 442
73 62 987
74 981 365
75 906 265
76 239 539
77 236 385
78 929 68
79 458 767
80 987 516
81 193 145
82 911 403
83 512 397
84 355 675
85 806 388
86 773 286
87 114 810
88 85 286
89 897 543
90 364 879
91 406 893
92 86 778
93 969 158
94 586 763
95 779 396
96 973 823
97 997 906
98 907 383
99 293 918
