0 431 796
1 344 886
2 481 418
3 624 236
4 677 147
5 531 558
6 904 551
7 720 970
8 608 742
9 343 433
10 996 464
11 383 118
12 301 22
13 318 110
14 402 620
15 898 954
16 822 367
17 696 492
18 480 739
19 202 868
20 614 796
21 433 380
22 976 796
23 449 42
24 726 166
25 672 354
26 477 965
27 643 801
28 569 75
29 689 3
30 973 362
31 967 304
32 188 970
33 582 804
34 122 704
35 708 491
36 219 206
37 225 191
38 30 253
39 930 484
40 18 25
41 250 635
42 645 654
43 278 843
44 656 712
45 91 760
46 94 525
47 569 379
48 734 406
49 338 814
