0 652 431
1 765 436
2 880 438
3 545 959
4 285 530
5 327 354
6 804 198
7 747 295
8 755 127
9 435 175
10 106 43
11 190 980
12 67 541
13 257 143
14 899 158
15 812 261
16 678 192
17 145 473
18 41 681
19 453 424
20 614 509
21 324 3
22 896 820
23 236 439
24 871 805
25 397 956
26 511 436
27 277 873
28 647 933
29 16 959
30 364 553
31 723 868
32 228 829
33 339 715
34 137 505
35 348 167
36 550 250
37 137 972
38 151 672
39 192 497
40 758 307
41 659 682
42 434 10
43 997 795
44 306 614
45 621 499
46 554 839
47 406 70
48 396 137
49 937 2
50 676 596
51 182 904
52 816 85
53 46 296
54 504 501
55 929 876
56 463 410
57 955 884
58 31 347
59 47 417
60 118 756
61 360 951
62 279 885
63 920 867
64 265 942
65 457 454
66 460 483
67 569 766
68 0 300
69 310 670
70 221 46
71 256 630
72 344 467
73 877 85
74 901 377
75 786 742
76 503 443
77 80 783
78 991 459
79 486 731
80 869 13
81 511 716
82 201 355
83 106 948
84 828 861
85 641 504
86 828 670
87 121 917
88 667 951
89 661 668
90 337 813
91 194 378
92 127 13
93 295 421
94 340 487
95 751 685
96 412 221
97 222 438
98 395 125
99 950 598
