0 599 509
1 970 738
2 415 747
3 241 764
4 724 799
5 530 779
6 681 44
7 259 561
8 545 865
9 893 620
10 801 831
11 31 429
12 816 438
13 34 100
14 342 659
15 888 482
16 806 422
17 987 48
18 933 278
19 933 932
20 687 670
21 230 207
22 911 689
23 981 785
24 342 661
25 289 372
26 845 693
27 99 507
28 827 82
29 634 78
30 803 579
31 425 630
32 968 597
33 154 426
34 476 848
35 194 499
36 845 311
37 772 859
38 513 118
39 136 611
40 144 712
41 989 998
42 696 599
43 686 269
44 615 97
45 424 849
46 802 790
47 670 492
48 117 758
49 632 970
