0 34 201
1 730 648
2 818 22
3 601 561
4 440 704
5 836 691
6 597 549
7 436 324
8 88 997
9 646 602
10 12 298
11 752 270
12 891 283
13 263 874
14 486 537
15 965 982
16 825 751
17 351 926
18 575 650
19 412 198
20 432 728
21 643 815
22 645 921
23 356 936
24 132 506
25 118 520
26 925 727
27 162 74
28 801 120
29 155 372
30 63 29
31 566 588
32 386 591
33 210 455
34 532 309
35 216 895
36 515 406
37 825 83
38 511 345
39 902 34
40 365 248
41 6 656
42 109 473
43 166 607
44 259 264
45 287 502
46 23 228
47 205 716
48 740 364
49 19 520
