0 29 5
1 672 163
2 684 54
3 21 170
4 213 943
5 110 720
6 383 636
7 877 312
8 620 567
9 254 396
10 991 640
11 438 39
12 554 780
13 467 725
14 53 168
15 281 97
16 150 444
17 864 881
18 238 233
19 669 189
20 427 316
21 193 633
22 475 659
23 539 456
24 265 297
25 774 945
26 954 749
27 141 954
28 23 253
29 508 259
30 341 616
31 976 823
32 739 870
33 215 774
34 777 262
35 928 57
36 134 308
37 839 259
38 492 793
39 720 70
40 869 620
41 270 220
42 129 358
43 119 467
44 760 189
45 823 447
46 102 704
47 497 700
48 918 669
49 623 264
