0 275 509
1 83 43
2 911 557
3 82 955
4 843 766
5 743 60
6 878 155
7 172 638
8 178 245
9 846 415
10 708 277
11 129 561
12 304 583
13 569 18
14 182 422
15 846 368
16 23 911
17 134 938
18 453 581
19 294 367
20 631 462
21 745 362
22 880 533
23 85 978
24 758 857
25 542 341
26 778 688
27 111 371
28 973 372
29 781 713
30 877 930
31 638 821
32 94 770
33 721 812
34 504 135
35 426 509
36 337 494
37 949 866
38 810 312
39 732 784
40 732 305
41 93 194
42 536 564
43 306 148
44 451 675
45 167 595
46 138 301
47 699 449
48 974 495
49 13 541
50 278 405
51 513 51
52 242 927
53 559 70
54 990 279
55 419 982
56 209 455
57 871 504
58 38 981
59 45 308
60 458 457
61 220 357
62 263 879
63 87 244
64 783 867
65 635 84
66 946 515
67 238 750
68 909 733
69 668 530
70 478 635
71 782 622
72 743 751
73 338 219
74 872 551
75 947 326
76 838 82
77 485 866
78 891 299
79 371 84
80 961 19
81 999 722
82 848 280
83 278 961
84 929 327
85 651 654
86 347 310
87 208 960
88 139 316
89 495 70
90 497 290
91 399 379
92 429 961
93 70 85
94 405 928
95 170 936
96 193 648
97 867 538
98 959 204
99 909 406
