0 959 835
1 195 224
2 523 358
3 811 490
4 480 567
5 78 399
6 603 715
7 888 38
8 498 486
9 121 62
10 923 430
11 818 567
12 353 623
13 93 144
14 951 115
15 142 664
16 15 363
17 289 851
18 553 384
19 880 555
20 918 817
21 709 885
22 300 402
23 819 70
24 470 684
25 770 974
26 344 850
27 864 702
28 849 748
29 435 604
30 76 36
31 989 318
32 892 351
33 923 159
34 30 136
35 547 326
36 179 464
37 373 871
38 722 811
39 958 337
40 628 217
41 126 278
42 402 684
43 50 639
44 199 8
45 504 93
46 909 413
47 570 13
48 520 542
49 242 677
50 100 353
51 632 716
52 538 427
53 962 536
54 546 50
55 123 662
56 508 176
57 329 514
58 467 35
59 343 111
60 916 740
61 798 616
62 96 682
63 389 412
64 160 932
65 81 626
66 948 101
67 51 613
68 72 352
69 734 960
70 685 312
71 257 966
72 622 677
73 514 412
74 543 182
75 316 653
76 367 438
77 395 736
78 522 874
79 487 265
80 502 627
81 386 231
82 806 781
83 646 847
84 569 777
85 548 751
86 108 198
87 71 549
88 176 346
89 859 829
90 902 215
91 602 194
92 303 543
93 811 822
94 755 558
95 717 306
96 16 953
97 895 276
98 206 393
99 271 406
