0 295 235
1 364 727
2 334 597
3 484 507
4 603 956
5 33 599
6 910 988
7 282 590
8 419 251
9 344 493
10 64 593
11 878 266
12 519 89
13 216 430
14 293 375
15 991 786
16 283 490
17 685 633
18 214 171
19 605 320
20 747 862
21 666 473
22 686 583
23 19 724
24 622 189
25 7 313
26 575 489
27 141 511
28 675 153
29 800 409
30 673 340
31 128 261
32 149 478
33 182 216
34 585 711
35 708 991
36 111 96
37 80 750
38 591 771
39 792 225
40 911 925
41 650 879
42 791 641
43 216 782
44 142 335
45 353 662
46 56 802
47 722 524
48 773 624
49 918 131
