0 272 323
1 52 212
2 70 924
3 876 921
4 913 218
5 715 66
6 480 313
7 515 660
8 57 740
9 812 715
10 808 838
11 828 729
12 687 481
13 926 879
14 410 201
15 724 95
16 849 799
17 172 488
18 587 328
19 843 48
20 138 706
21 555 151
22 512 291
23 178 162
24 389 470
25 138 341
26 163 656
27 727 344
28 490 169
29 760 835
30 810 97
31 532 108
32 489 634
33 303 175
34 858 348
35 722 467
36 443 497
37 726 153
38 106 834
39 419 94
40 656 291
41 377 619
42 708 553
43 632 642
44 252 831
45 303 101
46 395 52
47 486 366
48 250 303
49 552 27
50 763 572
51 412 447
52 574 793
53 717 562
54 667 692
55 152 662
56 657 203
57 188 332
58 30 65
59 704 282
60 590 752
61 870 541
62 614 64
63 559 366
64 972 547
65 346 278
66 557 431
67 845 820
68 892 889
69 721 1
70 724 257
71 247 888
72 722 318
73 644 499
74 169 870
75 814 951
76 642 564
77 241 822
78 272 473
79 16 793
80 84 884
81 945 974
82 337 610
83 655 716
84 499 486
85 463 369
86 708 784
87 514 162
88 145 997
89 378 337
90 707 823
91 839 723
92 814 180
93 103 177
94 936 816
95 20 694
96 665 359
97 198 555
98 758 706
99 97 557
