0.82
2.11
2.38
2.84
2.69
2.35
2.17
0.83
2.90
2.45
0.69
1.39
2.15
3.34
1.76
2.19
0.72
2.10
2.06
1.81
3.11
1.26
2.27
2.21
2.86
2.86
0.61
0.10
1.69
2.76
2.29
0.19
1.95
2.27
2.69
1.05
1.27
0.59
1.10
0.29
2.87
1.82
3.44
2.40
1.01
3.13
0.52
1.73
0.73
1.52
1.99
2.65
2.23
2.64
2.36
1.24
0.29
1.75
2.60
0.20
0.29
2.68
2.73
2.39
1.26
1.61
1.15
2.48
3.14
0.44
1.79
2.75
1.55
0.81
1.61
0.79
2.30
1.53
0.85
1.65
1.85
0.74
1.57
1.61
2.26
1.15
1.49
1.59
1.54
1.95
2.19
0.97
1.88
2.21
0.62
2.66
1.28
1.95
0.56
0.92
1.99
0.58
2.94
1.69
1.43
0.60
1.68
0.92
1.47
2.19
0.63
2.59
1.81
0.60
2.51
0.50
2.18
1.77
0.84
1.43
1.04
2.02
2.12
0.39
2.08
3.09
2.80
2.16
1.87
1.71
1.02
0.60
2.03
1.92
1.45
2.20
1.56
0.44
0.87
1.22
2.53
2.29
1.47
2.01
0.66
0.96
2.16
3.12
1.94
1.33
1.99
2.19
1.26
2.22
3.24
3.20
3.38
1.96
1.14
1.75
1.60
2.06
0.71
1.23
2.18
3.11
3.92
3.77
3.25
1.51
1.01
0.98
1.46
3.61
2.86
1.22
1.63
2.54
1.61
1.50
0.53
0.36
0.85
0.43
1.94
0.56
1.70
2.21
0.48
2.87
0.45
2.21
1.82
0.52
0.28
1.80
2.18
