2.27
1.48
1.23
2.26
1.09
2.62
1.56
1.53
1.16
2.46
1.81
1.62
0.99
0.45
1.04
1.45
0.58
2.20
2.01
1.77
2.06
2.19
2.22
1.80
2.59
2.54
1.43
1.68
2.10
0.28
0.67
2.65
2.58
0.84
2.43
1.74
1.79
2.90
2.50
1.01
1.73
1.73
1.70
2.69
2.99
2.68
2.80
1.97
1.48
1.85
1.35
1.54
2.35
3.05
2.75
1.09
0.68
2.59
1.51
1.74
1.32
1.27
1.04
0.16
2.09
2.56
0.47
0.78
2.75
1.84
2.00
0.48
3.22
2.10
0.45
3.08
1.11
1.85
2.41
2.38
0.80
1.57
2.78
2.53
0.71
0.62
0.55
1.33
2.64
1.46
1.93
2.58
1.65
0.91
1.30
2.81
0.74
1.27
1.12
2.84
2.93
3.11
1.24
0.70
1.23
2.49
2.73
1.53
0.65
1.23
1.97
3.43
2.86
1.16
0.39
2.09
2.95
1.27
1.95
2.81
3.36
2.57
2.59
0.11
0.81
0.69
2.98
1.13
0.87
0.67
2.61
2.45
3.18
3.92
0.53
1.64
2.77
1.76
1.74
3.44
2.58
2.25
1.04
0.68
2.18
0.83
2.54
1.03
2.45
1.75
2.08
2.28
1.71
2.32
1.19
0.90
2.41
1.96
1.97
2.45
1.11
1.58
1.02
2.19
2.26
3.10
0.75
0.90
2.44
0.68
0.78
1.66
0.41
0.51
3.06
2.86
1.57
1.09
0.13
0.56
1.83
1.59
1.81
0.94
2.04
1.31
2.46
2.52
1.76
1.32
0.55
0.49
1.20
2.58
0.97
3.00
1.72
