0.38
0.76
0.38
1.80
2.07
1.63
1.27
1.49
1.87
1.67
2.68
2.32
0.38
0.29
0.56
1.12
1.72
2.30
2.38
1.19
3.41
2.71
2.73
0.74
1.66
0.34
0.49
0.21
2.65
2.38
2.10
2.60
1.73
1.43
1.81
2.91
2.68
1.34
2.45
1.22
1.52
2.15
0.42
2.89
2.10
2.61
2.36
1.66
1.20
1.93
2.86
1.26
0.67
2.50
3.65
0.84
1.72
1.48
2.36
0.27
1.78
1.59
2.22
2.74
1.99
1.14
1.44
0.97
1.03
2.69
1.64
2.10
1.55
2.37
1.27
1.02
3.05
1.38
1.58
1.60
1.25
0.39
3.29
1.69
2.36
2.30
0.65
3.00
1.36
2.06
1.50
1.61
0.80
1.34
2.57
1.39
1.62
3.45
0.79
1.90
0.76
3.06
0.35
1.42
1.91
2.77
1.61
1.57
3.16
3.32
0.92
2.09
2.67
3.99
1.82
1.36
2.20
2.26
3.02
1.78
0.92
1.70
1.79
2.75
2.21
2.20
1.34
1.00
2.34
3.23
1.02
0.64
1.46
0.94
3.16
1.47
1.57
1.40
1.41
1.95
1.17
1.29
1.26
3.10
2.91
2.91
3.25
1.64
2.21
0.38
1.00
2.72
0.20
1.67
0.68
1.75
1.61
1.53
1.31
2.73
2.33
2.22
1.27
1.83
0.55
1.61
1.29
2.75
3.48
2.02
2.73
2.11
1.21
1.85
1.90
2.88
2.24
1.79
0.91
1.72
0.68
1.06
2.79
2.82
2.93
1.73
0.81
1.65
1.08
2.20
2.56
1.42
1.18
0.79
1.06
0.96
1.46
