1.68
2.13
3.25
1.62
3.07
0.73
2.62
2.16
1.75
2.33
0.55
2.85
2.01
2.82
0.94
1.23
1.93
1.64
0.73
2.61
0.52
0.27
0.48
1.91
0.60
0.72
2.23
1.08
1.94
3.39
1.01
3.72
3.49
2.26
0.48
1.53
1.99
0.82
2.16
2.30
2.30
3.77
1.69
0.79
0.86
1.28
1.74
2.32
2.38
0.64
2.62
1.39
2.10
2.23
2.47
0.94
0.79
0.71
2.56
3.21
2.55
1.46
3.08
1.88
0.65
2.97
0.69
1.80
1.41
0.58
0.88
2.14
1.78
2.13
1.23
1.54
2.91
1.82
1.23
1.45
1.69
1.10
0.20
2.82
1.69
1.72
0.88
2.19
0.49
0.71
1.82
0.46
2.35
3.30
1.87
2.17
1.37
0.88
1.19
3.17
2.12
3.15
1.55
2.51
1.79
2.19
1.15
2.55
2.20
1.02
1.55
1.76
1.27
1.91
1.91
2.09
0.75
1.08
3.03
2.50
0.47
2.30
2.01
1.93
1.47
1.37
0.46
1.23
1.59
1.47
0.61
1.73
2.04
1.69
1.52
0.31
1.85
3.08
2.08
2.13
0.60
2.36
3.70
2.05
2.84
0.86
3.47
2.26
1.68
2.46
2.51
2.49
0.79
2.78
2.35
0.78
3.39
2.00
1.77
0.87
0.60
2.87
1.36
0.71
1.56
1.47
3.32
2.81
1.96
2.63
1.28
1.62
0.43
1.18
2.43
1.48
1.59
2.95
0.50
1.46
3.17
3.14
3.22
1.44
2.38
1.63
1.68
0.77
1.50
2.10
3.23
2.60
2.14
2.45
2.41
1.98
2.79
