3.26
2.16
1.18
1.25
1.06
1.83
1.49
3.28
1.45
1.22
0.64
2.67
2.39
0.28
1.43
1.67
3.80
1.36
1.55
1.13
1.01
0.46
1.43
2.66
1.60
2.31
2.18
2.01
1.48
2.69
2.24
1.69
3.11
2.96
0.32
1.60
1.12
2.69
1.31
0.73
2.10
2.59
1.75
1.73
2.37
3.15
2.47
0.39
1.79
1.42
0.49
3.18
1.22
2.37
1.31
1.46
1.37
0.69
2.11
2.06
3.44
3.41
2.64
1.30
1.52
1.56
2.93
2.52
2.01
1.15
0.47
0.61
1.02
2.88
1.06
1.18
1.08
2.08
1.51
1.86
1.96
1.44
2.34
2.50
1.50
2.65
1.52
1.44
0.85
1.88
2.91
2.50
2.90
2.37
2.20
1.41
0.97
0.87
1.43
1.03
0.20
3.31
1.23
1.31
1.71
1.63
1.61
1.49
1.42
0.62
2.86
1.86
2.59
0.53
1.90
1.62
2.17
1.90
0.90
2.18
1.35
1.75
0.36
0.63
1.56
2.00
1.08
3.10
2.13
1.87
1.86
1.52
2.38
1.62
1.77
2.27
1.39
2.02
2.49
1.38
2.57
0.58
1.51
0.63
1.33
1.76
2.91
1.01
0.98
2.21
1.41
1.49
2.05
1.68
0.59
1.41
0.98
2.12
0.54
2.07
2.64
0.92
1.16
2.84
1.75
1.92
2.31
0.92
1.78
3.15
1.09
2.59
0.30
1.96
2.40
0.49
0.47
1.00
1.01
1.15
2.26
2.45
2.97
1.49
1.88
1.03
1.19
3.17
1.94
1.33
2.70
2.17
2.56
3.04
1.72
0.25
0.73
