0 1
0 2
1 2
3 0
3 2
4 2
4 3
5 0
5 2
6 0
6 5
7 6
7 1
8 4
8 0
9 5
9 0
10 0
10 5
11 2
11 0
12 0
12 7
13 0
13 5
14 7
14 5
15 5
15 12
17 13
17 7
16 5
16 13
19 4
19 0
18 2
18 5
21 6
21 11
20 1
20 17
23 5
23 0
22 4
22 20
25 6
25 4
24 11
24 6
27 11
27 22
26 10
26 5
29 11
29 3
28 10
28 6
31 4
31 5
30 13
30 7
34 0
34 3
35 3
35 19
32 13
32 23
33 0
33 35
38 28
38 2
39 11
39 0
36 6
36 32
37 9
37 3
42 13
42 24
43 12
43 7
40 13
40 21
41 26
41 13
46 13
46 1
47 41
47 40
44 36
44 43
45 0
45 13
51 16
51 28
50 2
50 1
49 0
49 41
48 17
48 36
55 6
55 26
54 0
54 42
53 45
53 21
52 2
52 25
59 0
59 32
58 0
58 55
57 12
57 13
56 29
56 35
63 0
63 24
62 10
62 17
61 6
61 5
60 17
60 33
68 42
68 37
69 12
69 5
70 2
70 12
71 0
71 7
64 35
64 9
65 13
65 1
66 59
66 13
67 21
67 12
76 0
76 17
77 15
77 13
78 2
78 3
79 22
79 12
72 16
72 13
73 17
73 25
74 17
74 7
75 2
75 17
85 5
85 11
84 76
84 6
87 66
87 11
86 35
86 5
81 21
81 16
80 0
80 69
83 41
83 45
82 4
82 6
93 14
93 21
92 26
92 0
95 15
95 16
94 0
94 76
89 17
89 16
88 89
88 9
91 26
91 22
90 35
90 45
98 18
98 62
99 46
99 0
96 13
96 68
97 0
97 17
