0 1
0 2
1 2
3 0
3 2
4 0
4 1
5 0
5 4
6 2
6 4
7 0
7 1
8 4
8 5
9 2
9 0
10 0
10 4
11 4
11 0
12 4
12 1
13 3
13 2
14 6
14 4
15 9
15 1
17 9
17 0
16 2
16 7
19 13
19 3
18 14
18 6
21 14
21 4
20 21
20 17
23 0
23 8
22 3
22 14
25 1
25 22
24 4
24 1
27 8
27 19
26 14
26 21
29 14
29 21
28 8
28 4
31 14
31 21
30 8
30 27
34 28
34 23
35 10
35 14
32 20
32 16
33 21
33 4
38 4
38 28
39 33
39 7
36 0
36 4
37 38
37 4
42 13
42 28
43 6
43 35
40 1
40 0
41 11
41 29
46 41
46 4
47 1
47 23
44 8
44 19
45 38
45 0
51 16
51 1
50 2
50 43
49 4
49 18
48 49
48 8
55 14
55 4
54 1
54 46
53 23
53 4
52 28
52 27
59 1
59 21
58 16
58 27
57 4
57 28
56 5
56 43
63 21
63 1
62 56
62 41
61 14
61 27
60 19
60 4
68 37
68 63
69 54
69 2
70 41
70 20
71 4
71 0
64 4
64 48
65 21
65 1
66 27
66 38
67 1
67 3
76 2
76 34
77 4
77 2
78 43
78 14
79 4
79 1
72 66
72 32
73 68
73 0
74 19
74 2
75 79
75 6
85 1
85 42
84 5
84 13
87 41
87 1
86 19
86 4
81 66
81 28
80 37
80 45
83 9
83 4
82 54
82 38
93 76
93 14
92 49
92 22
95 45
95 14
94 0
94 65
89 66
89 5
88 77
88 6
91 8
91 48
90 43
90 6
98 74
98 25
99 21
99 20
96 20
96 36
97 32
97 23
