0 1
0 2
1 2
3 2
3 0
4 2
4 0
5 0
5 2
6 4
6 0
7 2
7 0
8 0
8 6
9 6
9 0
10 0
10 5
11 2
11 6
12 7
12 0
13 2
13 0
14 6
14 3
15 11
15 2
17 4
17 14
16 6
16 2
19 4
19 0
18 0
18 14
21 4
21 0
20 1
20 0
23 5
23 0
22 2
22 12
25 0
25 17
24 0
24 8
27 10
27 21
26 10
26 27
29 2
29 10
28 4
28 25
31 15
31 21
30 6
30 0
34 0
34 2
35 8
35 10
32 11
32 4
33 5
33 6
38 34
38 3
39 4
39 0
36 21
36 28
37 16
37 6
42 0
42 2
43 0
43 23
40 12
40 0
41 12
41 23
46 28
46 4
47 16
47 18
44 12
44 8
45 23
45 24
49 6
49 27
48 22
48 46
