0 1
0 2
1 2
3 1
3 0
4 3
4 1
5 0
5 4
6 0
6 5
7 5
7 1
8 6
8 3
9 8
9 3
10 0
10 2
11 8
11 4
12 2
12 0
13 0
13 4
14 3
14 0
15 12
15 13
17 12
17 5
16 17
16 12
19 11
19 9
18 7
18 9
21 0
21 5
20 21
20 0
23 0
23 4
22 21
22 15
25 8
25 21
24 6
24 0
27 20
27 4
26 0
26 14
29 7
29 24
28 17
28 21
31 8
31 0
30 16
30 6
34 0
34 27
35 23
35 34
32 8
32 29
33 17
33 2
38 24
38 19
39 16
39 30
36 5
36 21
37 22
37 4
42 2
42 33
43 10
43 15
40 0
40 16
41 11
41 1
46 0
46 39
47 16
47 3
44 15
44 40
45 1
45 4
49 15
49 19
48 3
48 42
