0 1
0 2
1 2
3 1
3 0
4 2
4 0
5 1
5 3
6 3
6 1
7 0
7 1
8 6
8 0
9 4
9 6
10 4
10 6
11 0
11 6
12 6
12 3
13 8
13 9
14 5
14 8
15 3
15 8
17 6
17 0
16 4
16 0
19 16
19 1
18 6
18 0
21 1
21 5
20 2
20 0
23 21
23 6
22 11
22 21
25 0
25 8
24 18
24 2
27 0
27 14
26 6
26 16
29 3
29 21
28 0
28 25
31 6
31 3
30 6
30 4
34 16
34 6
35 27
35 6
32 34
32 29
33 6
33 32
38 18
38 3
39 18
39 6
36 16
36 3
37 0
37 29
42 24
42 30
43 19
43 16
40 1
40 6
41 25
41 23
46 11
46 27
47 38
47 23
44 6
44 3
45 13
45 18
49 5
49 3
48 36
48 34
