0 1
0 2
1 2
3 0
3 2
4 1
4 0
5 1
5 2
6 5
6 3
7 3
7 6
8 6
8 7
9 0
9 2
10 7
10 6
11 3
11 8
12 6
12 2
13 5
13 8
14 6
14 8
15 6
15 12
17 6
17 3
16 3
16 4
19 2
19 3
18 2
18 16
21 16
21 18
20 6
20 3
23 2
23 5
22 18
22 6
25 9
25 2
24 25
24 3
27 0
27 6
26 6
26 5
29 20
29 6
28 25
28 26
31 0
31 18
30 4
30 15
34 11
34 28
35 28
35 2
32 3
32 28
33 34
33 17
38 6
38 20
39 28
39 0
36 3
36 2
37 18
37 2
42 6
42 23
43 3
43 2
40 6
40 29
41 6
41 42
46 6
46 25
47 3
47 23
44 42
44 35
45 34
45 7
51 34
51 9
50 6
50 27
49 3
49 6
48 2
48 5
55 35
55 43
54 6
54 43
53 3
53 42
52 20
52 32
59 55
59 38
58 0
58 3
57 10
57 0
56 38
56 43
63 6
63 35
62 5
62 3
61 20
61 26
60 2
60 9
68 29
68 38
69 25
69 8
70 3
70 53
71 17
71 3
64 3
64 42
65 32
65 21
66 59
66 2
67 29
67 64
76 6
76 2
77 6
77 2
78 64
78 18
79 2
79 8
72 5
72 35
73 69
73 52
74 55
74 6
75 27
75 15
85 63
85 8
84 29
84 37
87 85
87 12
86 8
86 22
81 7
81 39
80 44
80 27
83 65
83 35
82 29
82 18
93 6
93 11
92 2
92 0
95 5
95 0
94 3
94 34
89 30
89 10
88 35
88 58
91 16
91 30
90 0
90 18
98 18
98 62
99 6
99 31
96 26
96 0
97 96
97 27
