0 1
0 2
1 2
3 2
3 1
4 3
4 0
5 0
5 1
6 2
6 3
7 6
7 1
8 3
8 4
9 0
9 1
10 0
10 1
11 2
11 5
12 11
12 3
13 5
13 10
14 1
14 13
15 13
15 1
17 1
17 2
16 1
16 14
19 1
19 6
18 11
18 0
21 12
21 6
20 2
20 7
23 10
23 7
22 4
22 1
25 3
25 9
24 18
24 13
27 18
27 5
26 0
26 14
29 3
29 13
28 1
28 10
31 23
31 3
30 12
30 18
34 31
34 22
35 6
35 1
32 19
32 10
33 1
33 5
38 24
38 29
39 0
39 16
36 5
36 7
37 6
37 17
42 17
42 1
43 3
43 23
40 17
40 3
41 3
41 7
46 3
46 26
47 12
47 2
44 13
44 21
45 16
45 6
49 16
49 2
48 6
48 31
