0 1
0 2
1 2
3 0
3 2
4 3
4 0
5 4
5 3
6 2
6 0
7 0
7 1
8 4
8 1
9 5
9 3
10 4
10 6
11 6
11 1
12 10
12 8
13 4
13 2
14 3
14 0
15 5
15 0
17 3
17 5
16 10
16 4
19 11
19 1
18 0
18 19
21 15
21 0
20 8
20 5
23 5
23 3
22 13
22 5
25 3
25 1
24 5
24 17
27 0
27 3
26 15
26 11
29 19
29 0
28 19
28 14
31 17
31 10
30 19
30 15
34 20
34 1
35 1
35 28
32 3
32 22
33 9
33 3
38 20
38 0
39 16
39 17
36 0
36 1
37 28
37 10
42 15
42 18
43 28
43 15
40 31
40 11
41 10
41 30
46 37
46 19
47 19
47 1
44 11
44 33
45 25
45 32
51 3
51 0
50 1
50 4
49 50
49 5
48 28
48 30
55 17
55 4
54 26
54 22
53 9
53 0
52 16
52 55
59 1
59 15
58 12
58 24
57 1
57 11
56 5
56 10
63 1
63 53
62 0
62 45
61 49
61 0
60 43
60 4
68 33
68 14
69 43
69 48
70 60
70 53
71 2
71 16
64 21
64 60
65 11
65 53
66 36
66 41
67 7
67 0
76 1
76 0
77 18
77 2
78 66
78 10
79 49
79 1
72 7
72 13
73 1
73 10
74 50
74 5
75 49
75 23
85 38
85 37
84 1
84 67
87 55
87 85
86 41
86 2
81 19
81 1
80 19
80 37
83 78
83 3
82 0
82 33
93 13
93 86
92 61
92 36
95 21
95 1
94 7
94 9
89 0
89 17
88 80
88 24
91 50
91 4
90 0
90 16
98 1
98 50
99 56
99 76
96 56
96 18
97 46
97 11
