0 1
0 2
1 2
3 2
3 0
4 2
4 1
5 0
5 1
6 3
6 0
7 6
7 1
8 2
8 0
9 8
9 3
10 1
10 6
11 8
11 7
12 6
12 2
13 3
13 0
14 7
14 3
15 3
15 0
17 6
17 2
16 3
16 5
19 5
19 7
18 3
18 16
21 6
21 0
20 6
20 12
23 1
23 3
22 0
22 6
25 0
25 3
24 3
24 0
27 0
27 23
26 11
26 0
29 6
29 26
28 11
28 8
31 5
31 3
30 31
30 12
34 2
34 3
35 3
35 27
32 1
32 0
33 3
33 7
38 3
38 4
39 23
39 21
36 0
36 31
37 0
37 7
42 6
42 7
43 21
43 3
40 10
40 31
41 9
41 31
46 11
46 42
47 8
47 4
44 31
44 38
45 11
45 0
51 47
51 32
50 13
50 6
49 14
49 0
48 3
48 43
55 8
55 12
54 0
54 9
53 54
53 0
52 55
52 25
59 26
59 15
58 3
58 40
57 21
57 16
56 11
56 57
63 56
63 15
62 16
62 7
61 5
61 43
60 57
60 46
68 3
68 6
69 5
69 6
70 16
70 3
71 3
71 31
64 7
64 3
65 1
65 55
66 26
66 68
67 40
67 3
76 3
76 48
77 6
77 31
78 21
78 77
79 32
79 41
72 0
72 5
73 1
73 0
74 0
74 11
75 42
75 76
85 76
85 0
84 21
84 0
87 0
87 54
86 50
86 8
81 3
81 50
80 44
80 8
83 51
83 38
82 30
82 21
93 21
93 56
92 46
92 34
95 51
95 12
94 0
94 1
89 78
89 70
88 27
88 45
91 76
91 31
90 31
90 35
98 83
98 86
99 71
99 49
96 60
96 89
97 6
97 12
